67 
202 4
38706 82705 8459 77488
233 75
16149 89884 24361 58864 98639 25262 94158 7574 60486 6489 29566 56514 45297 15738 76529 72359 18159 53928 88461 18886 28283 39377 71385 52542 72800 54594 88769 13953 84370 82651 28073 82027 61684 65203 75648 47390 61363 72822 19845 62034 41182 14044 10642 17990 84936 83721 22883 1602 48463 49723 58815 73002 96984 83716 23855 63762 95929 12612 38056 44501 26943 34989 95770 77384 26491 69606 48126 6552 20353 50994 49919 68014 80620 67783 67116
566 270
97495 94965 61947 17968 53685 86163 53186 36530 16318 32918 38343 52344 55920 904 25775 78842 74904 44570 29537 4596 70079 53337 33046 93222 99039 10914 5854 87725 21511 62935 48137 59066 12157 74083 67760 58922 53615 34484 14515 967 55965 49591 61347 26692 75673 55272 85866 17678 32065 52612 26796 67314 71953 38700 4985 89540 83262 62033 37463 13058 79782 30784 76846 57091 27138 79347 19485 86903 34835 64084 17797 44515 86373 21166 71764 49209 45383 10859 56063 64974 14435 71632 79350 48711 31833 86104 45995 37734 83077 70501 50364 4776 89359 43912 55955 13588 18260 1450 76704 10252 82463 24002 75390 58455 14401 78805 70821 32884 41416 59085 7294 38833 63239 78644 61622 11029 68134 43760 83768 66836 15174 37223 62017 44497 70364 17155 67933 76602 14134 58 57183 70584 74061 77085 71482 49086 3721 89825 81209 16165 87115 79809 42859 91343 48112 38845 68975 45976 14613 75134 43804 94815 71595 64831 24154 31234 88308 80915 67835 94034 8392 93334 65214 12082 30456 10603 82565 72086 29173 92224 39523 6814 97940 73131 71949 40963 83308 52841 24020 17162 91797 10795 33170 89461 93532 41275 39586 13037 23224 36108 11568 35763 84881 31570 89095 39313 23438 4269 54034 7865 65566 26337 90315 84832 93751 98228 34779 99075 53576 74626 14046 34962 60690 31871 51309 92906 80431 81532 85576 32469 68212 25196 14459 51660 83153 12161 86022 52544 13036 17664 28807 12567 94733 89339 80697 79072 23102 35619 2696 90698 88139 80289 84436 6201 79702 23414 1340 60113 46658 81981 912 79723 98614 8829 55025 2562 67466 54256 13716 75113 85408 41392 42756 47370 64462 89054 38264 17376 62445 16914
69 82
14792 31792 45273 38815 17733 75466 35774 72490 90094 63759 29003 84834 52621 64577 98194 62972 6274 53458 41151 1252 83213 79364 57753 24 44470 50043 21467 98613 60209 70118 27360 63495 77980 99222 95016 84969 57508 61213 64542 27298 99696 61082 16495 77181 66405 43552 81917 30092 85767 30776 11076 43489 16386 95193 31327 45756 75091 34860 49498 82174 64077 28599 59542 80905 49051 50600 63823 62758 72826 52643 46637 37611 85470 89937 63811 97914 25574 5351 81707 5244 67312 18276
316 226
39973 29628 88578 25309 52317 16497 32506 46041 93231 7726 40476 38150 61631 94807 27335 45738 94063 47273 77078 45887 28034 64358 36348 30606 12078 47767 71680 43944 92734 41167 13769 45114 68985 59102 88947 74885 19578 5903 47075 65157 1910 65990 20767 89386 79359 74530 56351 3889 32462 41591 57317 68092 26928 91318 11938 1988 72918 12678 48088 29640 61658 38603 18495 77214 31953 79996 28442 84755 49335 56212 21900 77059 83034 59112 90317 80375 51018 42129 87682 2640 4066 50445 18096 54039 73761 73265 1591 7426 32457 13679 45424 52101 7152 94774 9794 94703 93756 41902 27590 55874 26310 23895 44132 15368 94497 71317 20218 26226 51259 71260 21621 52935 8446 93847 1333 86685 98893 34616 54001 14244 43744 11097 70723 53297 86660 33313 49042 11253 28111 54607 21251 20740 48515 75062 16725 55689 11376 19065 11698 1853 19235 75078 87109 72022 79323 24752 34360 68083 76779 71013 69617 49629 26255 81348 6539 52354 55024 48810 83915 66571 4095 55014 95325 74448 48626 38922 87306 89781 3179 55697 37133 56828 64904 84200 37184 2137 99688 70737 96259 66072 91004 50413 76573 40782 13219 56026 96728 72445 17371 58413 81105 2659 60397 10299 84170 3612 80578 66694 37633 89330 81878 20489 92513 9030 71985 76044 96874 76449 88757 98292 32913 44721 55032 77494 47637 62644 40043 32542 77505 65175 85097 9600 38193 33556 77926 8676
409 307
93442 74784 42773 12086 34274 56547 28988 81702 42743 10958 69730 3429 26441 19263 18381 44857 91079 61189 51178 67804 14823 2883 30239 28504 53958 97261 24545 71038 4416 99931 78587 41181 8789 99513 24087 87963 77585 71675 35582 71584 79881 32963 16721 84879 1095 55948 37700 82649 34038 28384 34353 13024 77138 88463 63318 74988 24022 81585 57217 1692 66371 81533 81744 81784 93088 37566 12588 45793 3947 45676 64966 92444 72765 6958 86152 32844 77454 85908 94696 59498 15307 4372 64573 4655 12257 32930 10185 88829 62334 98740 71982 41722 54634 39991 89275 44931 48054 36917 20668 69464 47527 67726 87441 9791 84829 84978 7653 8865 95121 23010 45247 91818 8572 89061 42046 67714 79484 81949 55166 10597 53489 74465 57837 89188 4045 14052 50335 90997 69100 61959 73254 61561 55244 69202 61069 51334 74574 58202 46700 20427 78715 88812 56032 32167 22768 18778 42112 56123 32474 82423 36305 92558 81176 41285 38807 7479 72293 71220 26953 51050 20044 90512 61181 17233 21891 87266 429 34597 61932 39022 61656 73984 78387 16131 78068 6710 12812 81244 79335 47187 72750 7995 88644 9512 69238 41014 69565 16011 14043 91139 77559 70989 15512 88188 94911 60357 76644 91208 68954 77904 49363 9930 59640 75408 15187 55493 50308 34036 58197 1774 68300 2004 44114 79839 31796 14107 6955 91062 42760 13684 24564 5187 92744 33430 51964 65002 24316 2162 51444 29695 97691 40826 54452 21187 82029 1468 67787 9228 99017 19472 26446 13429 41360 79479 17445 74057 52658 47780 16322 43716 49121 21152 25769 46186 55574 53861 32856 30535 40129 17062 89489 62941 2829 33532 29017 76095 57367 24066 56527 43082 67752 66652 86700 50063 82997 3512 39801 24224 30851 81651 36851 26107 86559 52795 10017 22221 23417 88533 95446 39598 26615 21758 69833 88837 83802 17338 70347 92779 96458 72795 69052 98713 73687 11681 6914 41545 51925
996 378
53602 85982 48946 78346 25031 70446 21200 64322 99171 75447 36481 19310 81454 10897 58148 50531 58946 20115 67209 7419 67454 33749 59914 79232 70415 90753 34490 29552 77127 38627 70784 28856 33254 20056 65751 51240 92125 63681 2093 41023 72047 29555 43542 43222 48275 53715 7099 5406 43002 78466 64212 31165 67089 98067 63729 82588 35635 58725 74386 45278 32097 4725 25273 59896 72964 97963 32578 53512 99506 57431 42317 47264 41670 95864 62421 15909 55 75293 63436 64501 7909 21591 27272 47293 24285 43105 86648 33139 25093 80379 43568 47859 47231 74994 27010 53516 81478 79516 60925 80969 91455 72655 57300 72404 62028 21047 57427 15486 97915 91368 54171 55156 42085 22051 65604 64374 40361 4189 45957 69768 7590 32707 86129 22708 28370 76505 90722 46330 47049 49710 61396 25114 31795 32414 21149 40611 66033 52814 58467 11096 77279 4233 49977 99262 58141 11866 93884 63895 86546 41640 85525 59154 42088 73326 70570 46336 50817 10458 9232 94324 11071 61805 94493 77491 7783 54651 40798 22118 19491 55458 18776 83390 91981 90651 45774 82332 77094 98570 70581 80828 30683 52329 35879 53380 69393 4609 83339 49959 47138 7660 17540 86490 48748 71884 42334 10920 73289 71439 85670 16897 37996 52747 19013 98678 24950 8946 91070 91189 68362 19295 15127 68875 7594 22435 88285 19351 59243 11798 97212 9642 85007 37313 40856 6320 26217 6836 49282 36870 37129 40259 17298 49790 18126 28075 34603 51867 76784 24044 47851 69652 85832 52499 93215 69215 81075 49219 86267 84115 55309 1334 68888 95724 96271 16395 65544 79617 88324 51101 48746 48593 12710 81629 37157 83513 94633 66554 27231 43253 68897 65885 18004 1908 24588 42530 11093 86079 11458 34267 95836 89378 43782 65716 68028 70877 55443 93206 16102 97359 84061 4649 71149 60127 8262 5559 98071 56563 14568 88648 29213 23129 85318 56110 1530 99064 99120 18402 25560 86981 35305 43473 69729 7589 78164 99730 77897 69642 7674 41697 61314 96183 79254 39914 3579 53767 91051 30754 67830 71424 18103 91819 60564 30879 49130 81083 22653 89526 90443 79609 86744 70440 20722 40012 36708 79048 51200 74915 43565 59461 33410 72344 92018 18032 67434 35611 25138 89534 59094 38675 68114 96465 95603 64367 87612 56337 45724 91730 8270 35794 40457 63415 61930 3206 16074 33135 7703 72018 33988 10813
666 372
41469 7292 3674 2464 18731 22850 60957 41239 269 95331 42853 48073 94791 89590 26046 60463 1944 61989 20074 54746 19510 82117 88716 66530 62654 60204 7397 29735 52227 34593 9817 86277 34299 14911 14521 34244 65332 76713 32663 98949 84128 60611 73408 22382 36176 42261 64757 64897 18885 821 65509 83712 44267 31964 56261 27639 38544 56597 54472 29113 2000 99663 48396 87670 79684 79439 84378 37821 84759 10263 27877 29839 13565 14382 78971 61015 64820 79261 80760 52820 49410 98679 92095 32086 93913 4836 75685 52939 63147 83271 89381 73016 20746 68979 34102 28412 39064 11696 15194 99150 20482 45720 81808 66169 25191 74017 36644 99798 30108 48018 84900 47870 5040 40208 87657 12201 86812 64673 86633 70342 75260 58781 51074 91398 31251 64087 71411 23132 68343 16365 60787 60149 76804 58757 13940 10816 32399 1505 15699 55546 90301 2889 72234 29682 91115 5856 41093 31756 44595 17498 99193 73079 24436 11694 77398 50552 6909 9624 33390 38505 65785 28414 20880 8862 10513 55068 27560 21536 66507 10894 93009 84569 42905 49626 26354 92432 28502 79361 76437 84849 45254 96324 19166 65922 50210 30581 56206 13904 30646 54435 36957 31393 66666 95340 87469 70417 29440 53765 82154 28978 41736 24518 8302 84227 89444 94805 38199 33246 78735 375 23235 60644 85676 36773 37795 12061 13452 78729 82610 82891 73969 65104 48243 1053 56441 21572 80984 29157 51781 91012 39753 99441 25733 76551 90692 6440 86402 75192 61539 1430 83230 38941 51022 536 7484 18114 24687 32031 33944 11998 90917 688 36981 2304 14150 43299 45828 15425 90976 95638 58109 88510 11228 88539 19521 96122 73036 16589 40933 84131 99947 49512 52916 54245 38246 86831 26143 12035 35547 95821 23574 15171 57271 35077 99449 41481 34081 99124 79586 99848 71377 10715 96715 33194 60544 89634 47966 91713 92098 47120 78325 45868 89073 29845 7113 37957 32472 93129 54242 27174 77489 16437 37997 33312 69398 30023 21509 72718 31380 55747 62709 9893 24674 81534 53000 55299 74884 55476 15866 4660 89113 11044 60936 47362 81780 81181 39517 32490 15700 13950 61522 11952 8056 88065 17798 35607 25340 20503 38042 18393 19884 87545 29116 75472 34961 26395 87288 70574 20799 8540 47961 28319 59445 37782 25126 55899 80489 87191 82306 11365 87188 38852
434 364
45410 71846 10632 62250 86353 67039 33607 94620 25840 3321 2631 17159 94287 88022 20003 86356 59696 53183 63385 16836 36631 45170 60952 48615 89665 69785 23530 84843 4561 4617 45372 73384 25506 85864 58783 24633 58523 16955 14999 64720 87781 61494 12665 12129 82013 10138 82823 40416 17223 21293 99272 14221 17998 60211 68508 43360 49576 56207 62138 15218 95293 5588 11222 23843 10628 95683 442 81638 13041 23106 57474 11980 23676 18293 48015 31166 33253 22756 23379 67810 95907 35214 65615 91659 51374 92541 41154 25986 74254 47030 39201 58856 95816 83009 49443 43220 10952 56601 68935 34934 38761 74507 12039 76913 54879 84886 3168 54060 28030 49612 96167 70891 28624 54591 43878 54556 73487 76381 29743 39896 72215 64553 93519 86251 92870 31934 62794 43006 44709 38702 17424 85370 18110 26866 61433 18279 85263 5115 12063 38878 22509 39734 92832 30964 91633 24428 54333 3668 58706 87574 32540 64738 86318 61758 8070 27099 51431 76341 84479 66925 28737 24824 31850 94907 45962 97759 54535 46599 69822 315 34309 14299 9135 3861 3289 87009 83284 15547 1459 17325 38452 93946 59356 89853 61574 98998 94249 34787 64997 23334 74001 21675 37882 51491 34047 89263 62042 80877 71655 79456 11348 36875 15074 80399 16715 53922 70293 64269 94730 98732 83609 58589 28219 16479 33067 6530 93274 74675 84462 52483 12993 88323 3687 15352 15993 8167 80166 42118 41563 5090 12554 37762 81936 54134 57831 65431 93712 3731 14068 19150 29991 26302 91817 45942 55633 62046 81458 43814 76078 80803 94354 37420 21217 32778 8356 60684 66939 12825 79910 29468 26157 46047 93472 1094 17667 24855 68594 1854 67719 23521 42094 70890 90380 25633 32218 99887 54991 16039 99356 97604 75867 48548 60565 12648 13555 74521 34823 66976 42016 30373 50087 78092 17687 37901 39085 92632 17748 86124 59437 94948 78116 37060 63399 7819 62364 85544 8275 17150 78966 94434 30594 87998 56983 86934 27361 86135 84618 94638 67150 92139 6954 36581 56980 27708 92915 37286 52118 26473 79799 12281 84402 13722 17705 67996 77946 63530 28695 95059 11970 5116 50409 83993 35313 9513 90367 90382 60511 90252 76050 733 73475 87087 57190 55933 25158 73732 56121 92248 21745 44953 17927 13112 96466 30966
247 220
56286 25132 83466 54144 28050 58738 82579 65095 58993 815 91412 8567 42214 9684 31024 48023 4121 5372 56536 90272 46338 21304 33659 62178 41484 4412 52535 67603 46720 41824 17817 17615 57628 99985 34092 44660 53179 84174 19399 48353 18458 36574 56814 51989 39128 302 61827 53575 95473 39421 72690 22176 71517 7608 73490 49751 21947 28673 60597 51417 31926 54123 50207 18815 78817 19161 81902 80935 99139 69790 33422 14647 27410 75103 77547 81081 97409 90566 61103 69033 1384 27107 69548 92563 25068 91468 3750 20741 18214 37601 25235 96077 15803 22133 15118 61834 37909 65517 98462 51145 3619 37740 84388 18703 84497 39952 50743 38252 54086 95500 19458 89797 46717 23214 69260 32431 81041 41616 97344 25874 88256 78785 79457 72824 26137 55420 21281 86347 5875 2783 40913 55451 22237 34259 52806 61556 7017 48029 96904 65950 98139 47968 18729 20787 38159 46276 37165 86962 39204 28009 68275 63292 67032 14447 42805 86950 62713 43654 60012 71494 28519 38201 42475 8597 27050 3305 33871 78734 77581 6149 91362 80824 54973 25232 55300 31733 7127 70328 64668 54381 62659 54387 59828 62240 7212 25440 90324 51349 38304 30317 73488 95742 34474 19004 17221 95328 39403 69381 37784 64826 41858 8015 12823 40206 77831 93517 20236 82294 78211 62942 58844 8319 95838 12310 9032 15520 73243 83131 59424 76900
969 43
21714 88974 251 49246 22038 82631 92898 20433 74006 30823 16392 56573 61434 15434 40801 90148 38770 5376 96388 42527 14403 64202 64597 20212 67914 62333 17336 70674 50568 15710 98008 68039 31858 6524 79044 37560 49577 48320 72625 91359 86640 28061 96886
693 356
83832 41451 23528 75524 26257 62891 15970 13538 99576 57020 67840 10722 52336 29066 74155 98225 22712 2619 75027 1246 10684 78467 81962 77621 96462 65477 83289 3185 54616 72858 14494 76471 71703 19985 4160 5542 13709 10053 12401 8238 17874 33305 39065 60517 61447 45693 41211 55975 28459 19076 88155 65942 51340 16457 67027 65173 81012 23252 22659 98041 41106 28242 84453 86130 50718 34691 20824 1547 78193 5685 2504 99984 92064 67797 74403 80884 77930 92529 70560 66045 74224 66184 85916 5360 54610 78436 88038 24881 50769 67100 16018 91391 96773 83731 29124 69180 5248 3 73636 82577 58761 50899 89039 92777 90534 3486 68318 94565 10224 62231 89511 76155 69547 70576 42772 37676 34439 24454 22337 20791 4712 19835 77345 85658 53218 25173 51237 67337 92811 11180 55901 70029 6590 42029 7289 48289 45829 65523 81746 53292 24595 30792 14731 17455 57813 60682 69646 94630 71757 4146 93705 68415 82690 30026 42161 38194 31070 8736 43380 19382 63193 86937 98012 52409 88479 82618 44947 27644 9009 36534 65296 34125 5604 55158 89166 25364 58970 71761 82260 54779 45493 8475 26042 73010 84446 7428 22073 85744 78385 3426 61414 5134 77227 34430 3103 8073 29783 31507 84380 69297 87611 93758 50122 77294 87343 98088 66330 80059 39707 80054 36785 22705 20583 2332 91289 21390 98553 25852 72881 15650 80021 37323 95531 52137 17224 93993 58633 41265 4943 59026 71076 32648 87370 78558 63800 65521 91042 67939 64814 45726 6518 34453 17600 2945 58416 88868 80026 99001 69062 27815 11189 92363 65941 72888 87962 91756 17982 30907 2341 91882 85188 14419 30795 46265 44985 23537 52832 44883 21965 47424 89680 6571 85915 45873 39916 89795 14183 76728 14023 15185 37545 55596 41444 95108 99440 14917 94293 12187 569 30376 54816 79856 77546 59543 86424 50372 66064 15082 83094 31854 32545 74306 39014 81102 5787 21018 38934 40014 20687 9647 96585 36752 72961 98654 29280 52931 67251 86853 60732 2796 68154 58080 21749 92531 75126 98717 91509 76587 15269 88959 7741 36504 448 69485 65206 73181 36375 48721 57948 91752 95671 59748 26939 52950 77815 45914 96365 60467 67352 72048 43868 2674 11274 49392 24911 279
31 278
65316 54174 38881 42871 77231 840 9291 66204 33381 2993 37846 68293 12333 30060 67412 13326 95392 50247 62738 91629 94972 32304 5077 28842 66834 30081 9216 3073 16785 88733 73230 23736 14938 27642 76004 78075 20095 35343 57379 66307 17427 43896 78880 15108 4283 60450 12338 28241 57461 68992 57146 93158 95144 77824 32645 23144 39668 98858 64744 89412 80979 4848 24743 37725 80432 29921 76474 53596 91281 99912 61919 20378 34411 84387 1973 64648 32206 41733 77822 71139 15387 30970 17689 20213 3927 70748 30112 2072 78132 24739 66966 57844 16208 5465 97151 91039 4819 13387 75222 83448 74420 24234 16616 57437 92055 67827 72377 19061 13125 93383 93273 39269 93830 67201 76962 7206 64453 63397 4564 14176 96981 54291 98968 64861 32030 61564 45857 4092 44094 94723 37859 73290 8104 5300 98364 70468 98359 12832 72543 43305 21781 60550 68559 79141 23038 40671 50976 97170 77412 20828 37972 63357 18008 23624 62714 56782 51582 59371 15462 38425 12646 55534 3389 11319 89622 35723 70837 93981 23245 61324 58445 69835 75142 62218 35186 96134 84882 14914 9258 12968 81539 38719 20673 53494 98548 44810 74050 29152 92450 24381 52436 28585 7410 51788 6993 75624 48871 49970 79949 36995 30174 96574 2841 14929 45368 11716 91671 41605 67839 12457 9712 97463 54769 71698 22150 35468 59084 54494 88653 64281 61432 55306 72407 65932 9916 88695 83916 27096 80747 46196 29740 86083 69703 667 76059 36745 66236 64162 23347 76002 16212 48614 90333 36762 19875 22459 11884 68764 99194 81649 1673 98493 83268 98443 86881 99349 25149 9338 58127 51736 49181 66133 8279 65967 12027 45582 90116 96263 18863 60629 66865 63499 6819 33008 26400 98496 45106 61237
82 348
30407 25592 85925 71970 7622 14165 51180 59459 62994 48690 55803 56273 46125 11287 11321 19615 93949 76430 40175 7745 7123 57908 33262 63230 42097 2363 62979 43543 40959 50395 14588 13523 63764 63804 1282 34537 84501 8173 54962 50504 83672 35839 94922 56612 19244 7603 39591 23375 83224 29917 79367 89498 3098 91118 94372 43685 86971 83799 51149 61588 60385 45126 43642 74817 31834 53781 32000 64832 73204 16933 84857 45003 40696 10902 94427 10465 89020 19761 64365 69359 48969 77823 84837 85053 38401 9238 83570 86280 11064 49994 23793 90344 33982 77399 81613 51603 99517 71516 80749 92980 73144 94801 18621 56149 50992 8716 67682 43688 3189 24615 81071 49837 10548 93706 50222 2136 66872 23527 78828 28038 34807 98252 70782 96582 93722 90032 19544 60859 15908 76170 28549 87600 6545 27774 6672 60501 52122 68773 27492 91349 11370 99833 79320 44476 93071 27365 38371 88745 82204 45284 42615 17160 64619 85113 11496 35251 77654 71111 90787 85426 81450 78772 10802 54790 61079 21839 75095 18759 8114 85599 17097 27242 39630 5634 41916 80101 31055 72312 18974 31458 90703 44011 78104 89131 31520 91048 28436 88847 92751 31292 34696 12655 37020 6239 28579 97236 46226 77083 63589 53094 54936 28888 29031 21766 60864 66762 57226 10634 836 48256 30121 17417 42883 85604 9879 38877 10755 23354 50031 21998 46996 65965 62171 76265 41692 69945 26947 49814 59519 61562 20649 37654 90216 75365 21316 31895 48819 3163 80492 73714 43544 59643 93607 55938 64504 57780 97857 94345 73346 70739 18407 59915 44155 48093 33418 22409 84319 280 88665 38241 36427 93366 45336 37464 13010 63801 1164 57333 37587 39969 63871 48629 91552 58915 54537 8159 87737 96783 49074 58645 40032 82392 92737 8977 7807 76087 3828 75359 36435 81424 21283 83151 5398 6705 41184 14908 32501 85070 41792 70907 99715 68990 39365 76343 81338 10486 62789 91410 62996 94666 71420 91375 70156 31909 87030 32118 79053 62508 20064 29438 14854 11552 83183 55595 54858 17238 66419 90555 32971 74592 45634 42102 19086 33358 53147 51388 60826 13241 40468 3975 6420 67820 73652 74244 52304 41626 14982 74969
639 344
54810 80909 12749 98736 90038 32973 97712 96254 85692 24970 68576 23950 38682 58281 51809 51534 1136 3940 25605 89816 80634 80522 11081 25556 40219 57711 79368 4434 89040 81926 40126 36650 75381 28429 84977 4479 95364 6041 87300 43021 96206 33656 28829 74385 15632 62424 28600 68601 93295 36710 50189 30811 29009 55073 83404 34534 80551 25958 78569 80932 72797 97011 56820 99986 94078 39211 12916 99589 27500 58119 4782 8970 63111 26838 93636 8969 69451 76645 17088 92926 46094 42839 97012 83395 40481 23141 97867 18242 30264 69552 50693 25178 91907 50771 55463 80187 21443 73914 35352 22655 38586 9723 5786 11356 21365 60280 28305 58947 68310 1864 31569 26051 11164 82192 97603 59319 92501 52084 15586 6931 50607 78620 66068 90125 62624 86345 47031 47064 65303 59365 91850 13092 92295 46405 48115 10837 86918 50306 47956 55760 99081 11316 27191 29706 40135 80813 44511 6353 34929 43892 74471 96281 99051 58592 60270 42884 67999 70563 37224 35245 63695 50818 68920 22838 53369 92417 67068 7184 62246 14421 6282 63891 33708 43067 99350 67905 36249 95578 39617 63238 66633 43570 81243 32569 12990 26171 64282 74911 83769 85111 62956 16144 43291 23140 97063 84032 50301 31391 23853 29897 50846 38914 31879 98085 83067 34473 18939 31406 51514 34757 37653 5975 30363 66161 85080 92505 3876 7425 81213 59612 51201 45730 7221 70225 66914 83693 9787 67147 5818 90141 37927 11039 61143 98964 87671 24940 8899 80235 19081 94277 99244 65776 8099 56826 99907 95525 22971 38205 73989 87972 84291 92596 21785 41109 30444 30555 92307 7170 97634 60558 30242 67323 87144 94222 810 30980 78919 61902 98468 28756 51841 46480 42021 88053 58068 73412 64762 43353 40247 45638 84071 68384 51335 53630 4107 18477 52869 28159 4329 9578 45059 13933 54698 18640 85786 96407 65933 41429 1986 75804 67145 38074 48366 73528 50902 36219 92362 5590 61721 96100 18489 58065 48897 15597 46749 73218 22624 59900 45072 28779 75823 28164 83015 33146 57422 44592 62122 99313 18309 55223 9277 94716 18023 90609 39815 97447 28360 66548 23609 16856 54899 59487 30451 94095
284 330
99567 34541 60337 57618 78365 6772 61120 94710 28201 34155 34571 42030 45298 1901 57089 31227 50505 51475 33360 15799 57664 51029 55805 95252 88061 94362 71454 80011 27309 11924 94647 63439 19987 14355 12765 27951 36391 26365 3501 28920 71467 86494 52695 10111 9596 16560 31906 81309 15493 90880 40967 13544 85771 16466 1208 33141 8418 658 95510 45439 56464 25821 85257 80018 33034 60102 52934 77126 95834 62715 16658 74854 42165 91234 58873 94890 6444 66403 13925 62559 46286 99185 10246 38470 33072 22717 67249 75349 44590 46768 92880 41595 56298 98346 44325 50932 90147 53209 7675 4996 32796 79114 93848 99800 65629 54480 3004 41522 60625 27826 55093 47935 94834 38895 74170 34461 45193 18084 734 3821 69031 49184 41757 95318 20745 72515 57255 398 97632 52296 98188 4264 61284 80516 12392 17526 57309 53397 15053 50775 43850 18823 67930 8785 30543 13263 10189 29536 47184 33691 37630 41609 42045 2935 98035 84547 67713 12062 56954 49117 13641 85006 2532 26011 50209 23193 9634 11273 34377 25739 95616 84204 55083 23704 27034 56284 24524 82095 27969 79415 62781 55460 82415 60360 68395 17508 136 27768 78728 44504 51325 65413 26317 73793 41412 92403 35583 48181 79183 14342 75799 44762 39306 96581 58136 2635 42001 19524 34238 96527 40322 49310 95515 41274 49854 8297 62225 12677 58208 99170 31713 52774 96890 92639 9482 29520 68417 61429 33862 94474 48138 28279 35109 62608 47838 27024 23305 34631 3343 71879 75598 38668 66365 56606 40543 60401 63363 99307 54802 30468 42988 12505 99738 32108 38474 3769 68857 30821 5987 49624 2608 30341 46831 92448 93248 49913 16359 58222 11994 76293 53901 88825 68742 80659 34578 6279 13320 69304 4179 80409 31775 83024 51801 17368 87386 46522 21555 84660 33396 34342 60195 33299 15035 72250 84736 29969 8037 83025 6328 38621 82789 9717 65280 17879 29323 68061 7671 70309 80721 62221 38253 4721 83223 81775 86285 82930 95944 77688 56605 13774 71469 93588 92325 45116 13065 57504 32411 70973 93085 90814
517 324
80092 24867 64075 73040 16133 15067 25972 41646 89045 34590 63450 29119 84425 92585 60322 40317 66677 53339 18338 35008 45691 63062 13812 39759 38007 48501 88290 22612 10035 68721 71484 17359 77223 73107 59091 86156 42803 78016 31161 60605 42232 49327 93463 14554 75259 80654 27397 94884 11700 40246 86889 13409 98799 31182 202 47697 44038 9541 15465 69719 63198 68553 55997 87293 38787 8512 82199 29573 44596 35299 36450 55815 91801 74664 25441 55846 36350 63281 55102 55798 77867 60028 13492 99898 81238 90 10394 39993 9572 36743 91843 80921 70043 24165 72763 27094 44867 47182 97769 8282 31615 1588 46934 31439 8680 21950 37317 91616 34769 92614 97507 1368 39422 79903 29196 68052 59719 28272 93209 28947 89276 93385 91174 81761 94169 9895 40090 98918 57150 13249 14894 74393 37693 1004 27322 80250 77634 65651 39722 54562 21666 11819 56088 73731 45487 32157 7202 30810 55769 57672 9097 59682 7277 82782 70190 63531 45527 49748 58621 6175 93301 31572 32081 90615 40452 76369 52297 12607 98606 27942 9193 93538 87403 232 97220 91248 21928 58361 5849 79762 81504 20936 76352 51449 75571 51718 29204 34283 39738 35262 63514 88019 77618 77007 68436 85301 86082 83971 60660 64737 84002 80706 89577 43805 83240 66815 1616 46864 51484 61240 87529 94506 65083 70922 67519 52724 20577 89252 94021 53795 86503 83611 60739 1796 73097 93359 92087 70997 60128 67281 64319 67426 84135 30359 60515 80439 23933 28215 33724 970 57974 7973 45781 64502 43796 59002 33674 71660 33989 8336 26635 7737 44979 96230 71776 77845 92702 75914 39820 23942 70334 20066 95813 58871 2842 24118 30667 9675 68691 37627 11155 82378 93941 70911 32806 30505 83523 82493 89733 81678 67857 39264 65809 97798 60126 80689 52195 9464 16481 30645 2359 51315 30967 40876 19805 92026 60431 92005 35518 80856 89638 84097 89741 28755 4702 81549 34698 53402 94143 49043 45362 47687 36706 84686 71962 54590 86563 35957 49472 44315 72296 7576 85328 74383
927 318
26528 87332 79283 27615 45215 93871 85084 57438 14231 44231 28462 67709 85586 13101 24097 3848 53016 57622 49807 39867 36865 47116 74433 50711 95617 56877 42840 7647 54977 9279 8777 69799 22723 63072 19155 12068 17396 78267 43686 54338 84441 83855 28999 82839 56738 63863 59370 91666 96045 83481 22530 37098 76218 6495 99327 96489 18257 39167 5180 37214 66328 50800 93110 34972 74999 64105 14928 21091 28681 33684 95212 87133 69740 41153 93225 28765 27220 79203 96142 10705 92253 26138 21041 49492 81184 27380 19455 96690 70242 99777 6951 39436 75706 9288 6521 50862 69989 57463 55724 4051 57993 55232 77313 33459 41818 71648 55744 57107 62621 47153 10923 41398 76152 20174 92155 41688 12348 20873 50863 14813 52828 11016 59024 74100 38697 96156 66645 96738 30043 80342 70231 18265 69954 50249 98339 47170 6460 90601 43366 36790 97491 69911 53176 36165 6735 15184 48319 44072 39803 58513 90826 6808 79777 25791 60090 58752 14966 6197 22995 76952 1714 76007 61810 92974 51678 47144 73754 88976 88360 19000 69402 3532 24891 67656 37785 46277 66932 31212 4388 22422 16229 70984 79384 44917 46747 82152 21432 86688 77857 88810 75323 65599 80015 46206 1115 65975 49891 60868 67016 67967 49782 13085 14696 98745 9162 59147 2015 44395 36973 82023 39109 40860 25471 82998 80270 16157 36007 70610 15721 17631 53455 39334 41742 25006 17154 33879 47051 45110 67368 26321 10275 30298 81946 44434 94570 54893 87057 69258 52504 33998 68423 33937 14772 14555 82116 35581 97578 61642 77391 86140 27851 4529 62497 2106 10984 24912 91767 11590 68869 4052 44195 40089 9029 73507 8598 20979 22972 55800 75561 64609 49060 56335 80839 62910 79030 80090 92181 58506 75992 8921 17039 72799 12482 55642 76654 24223 47639 19595 53058 73971 62071 43284 95672 60064 31051 86512 66861 28818 55737 83842 53726 80067 7607 46442 84133 99103 82317 67042 72061 71913 1611 48155 90920 99234 64572 21926 10834 65212
933 316
30623 35983 81264 58636 25444 13488 70134 83803 797 66967 3792 91140 76641 27263 98855 51839 22656 11789 76326 35998 37393 18250 19965 76378 507 71014 40828 13876 89652 82245 29457 21350 5972 37524 30867 46271 67957 98467 39864 40650 94188 30696 61394 18915 3859 49379 82977 82230 47240 70903 99308 70456 4437 3977 36809 76571 42304 39170 47662 87422 38298 89939 44147 41394 79214 40391 21280 72697 94220 9421 84526 30760 81842 61404 54315 81412 85142 59870 10379 74450 1371 80819 52740 66581 79675 33144 46017 47442 14133 35666 53214 27167 76280 77018 5130 62993 8546 24846 62058 46392 79080 942 97424 58649 50904 48662 36627 716 62335 1884 69826 40635 88742 14189 58977 24762 80 30852 17700 67864 63268 89440 24690 81056 54531 68963 85461 69693 32727 86813 53273 82570 50613 23062 38217 71951 70352 98281 82716 24513 22811 71009 71188 19802 51230 5613 25680 19059 5113 38157 53223 95513 68389 91365 2984 79824 93673 12148 31664 42892 43459 57426 32178 75174 58050 63433 33376 55303 60889 79599 1411 34460 55239 69805 88114 60479 44755 2684 68324 72724 37159 791 26087 74480 32783 82569 51900 16740 39568 35898 3575 96335 2244 44976 83133 49036 81931 17583 10962 86705 64041 80986 34133 24888 51622 90663 56874 95459 41759 78946 2628 26855 83348 80849 82133 22917 59394 29920 53810 78162 54909 76792 84557 86113 86547 56516 11558 79065 49662 18531 39816 72640 52347 97301 13465 16230 50695 53703 10840 44763 14743 31704 19971 1820 3188 13102 1732 2354 35961 72078 7503 17481 24419 71257 21237 51828 65582 90056 85413 73403 55767 46561 1803 28307 21769 88258 47536 45483 27446 87598 74485 70783 3602 79964 88984 69219 97224 32813 62704 55710 74810 70292 4327 4109 75397 368 32328 79765 66676 35395 47465 15141 40075 68117 33394 12231 82283 70816 20782 93338 5190 5241 88867 95916 27609 39778 63382 91562 66377 14084 23098 82372 80295 38909 16591 74897
239 314
3951 98117 990 58375 10392 44866 72141 40647 35017 99166 65444 49016 68765 99063 23995 5699 77921 5672 7852 78925 97081 47234 84383 12848 10666 95407 29312 42799 33511 92048 36969 34100 22163 95246 82816 18128 24872 34172 23740 26496 71302 66547 33502 33235 57054 31396 16094 41675 39949 7055 78165 38758 14685 66028 90457 63522 85294 85349 58306 79784 49799 18522 83786 71437 56849 98706 7561 86552 72013 44809 57011 64954 35576 35995 75755 71336 17823 6297 43596 2190 27301 43005 46014 8028 43821 34319 86841 10999 18136 38444 89972 58240 95309 14201 56132 57779 69601 72609 60608 23884 26506 29516 65588 49061 76320 65602 81259 93125 9652 6854 41298 94482 5954 9627 31322 79373 33832 22541 91634 67377 1499 48847 59182 62254 59452 54774 95869 70840 12800 58165 84683 86977 94806 24420 93952 8760 91877 74112 58935 66514 57434 93655 62208 738 44210 94864 38861 82369 53261 30844 43262 90975 6464 37737 93691 565 18666 62824 41506 32459 43091 73759 30449 10362 61176 12087 73042 3222 72120 72313 33379 83758 7646 10236 76402 52389 9601 69819 55104 6823 13259 85799 71792 57923 17995 68176 86732 82491 83600 73694 60867 21086 37257 13728 21627 35463 15401 55377 33445 74790 63267 20117 25349 53640 63074 12770 85662 27405 36765 87045 45890 67265 62317 93717 40384 64883 77801 22763 70647 6327 97102 8305 78678 75930 43157 76272 29744 49665 98334 8422 11677 16148 78357 8824 50820 78152 89021 80859 16659 79139 40411 6264 26292 46467 97496 46684 71745 13846 1465 33728 98761 20596 29117 61950 25172 64146 73382 49350 33945 48876 2109 16712 73207 60441 73555 7313 61765 11904 46835 12093 26093 2433 11467 60118 39823 81474 37297 12590 56147 22110 33161 86773 6799 7345 46677 72894 22865 11171 95730 12743 63400 35976 6923 46359 30252 93544 31721 31956 49254 6564 29574 25214 81970 25536 29894 7301 34450 65351 10023 19509 82804 83808 28385 70695
388 312
30475 60944 99630 29655 54665 30457 92035 23410 66687 37520 36822 26287 82057 23689 86307 19404 57211 93738 62365 49999 49918 86294 58766 30261 65552 83403 9343 59710 625 13561 94086 99389 62524 8851 92016 92580 35758 27547 93361 45592 18135 85815 49704 73186 22496 75232 54998 41425 61233 64677 3410 59071 15469 90202 90306 11725 51399 3057 5370 26517 99583 23913 13268 48393 82515 61884 70548 35610 31535 5727 65863 54576 81396 4951 23608 41931 4489 68297 84238 61910 1617 69939 20400 63664 35032 48850 80919 92077 36707 51285 28754 87197 1606 85210 89319 45604 24199 75326 22271 36049 98184 86579 23536 13506 64794 38341 48317 29604 2986 51378 10139 19023 1541 74993 46633 95111 27465 89509 22598 10357 54966 37477 59210 86404 61861 18555 2761 96642 31811 23175 65348 44768 17742 35901 72773 58979 41842 66574 52557 59354 58501 77971 69778 9414 51364 33624 58380 32190 27497 40765 66801 7323 94254 8735 51383 15590 92972 19960 20092 63794 84480 58576 21869 15126 81840 34467 40030 91141 65834 59059 64055 80724 839 2252 50449 13701 13000 83751 42326 13239 95186 82259 95936 42220 14480 6821 22897 3963 68977 60581 19276 66395 29107 37590 74869 29478 69794 97674 8727 72129 10223 21556 94816 99552 77035 79939 74723 31107 44619 93179 10052 66240 83191 83683 16193 44168 41746 44189 92285 44144 92217 22177 67259 51126 52000 95865 22214 67138 23787 94279 3461 1928 62886 21260 95867 48527 22571 46643 27340 98284 38755 75803 7168 64354 68315 53123 98074 73503 91626 75274 579 33375 199 71832 47393 64044 33373 50334 88705 266 45640 10418 5105 12451 16275 47705 28112 1170 63183 1412 83233 17807 91876 66382 44257 93929 69348 67971 56439 79298 53529 84045 58129 48415 8844 16369 56631 98907 59402 41018 45807 37198 53418 76569 50453 18975 8681 65226 48976 95677 52571 61736 28575 19673 60317 68246 16173 63378 94640 45334 82837 42703
242 144
50317 94705 64947 29132 5084 26568 81996 57836 32637 8923 55372 12435 66289 91934 65383 23496 57563 61062 33401 77616 6003 18451 11812 94757 45413 19066 37570 65278 79920 92467 4377 12518 65180 26466 88404 60107 40394 5870 24818 90570 34971 36182 53963 15998 69951 51691 10895 34924 49756 75252 104 6136 49056 92933 14607 15059 53136 84195 78954 20383 23206 94339 9219 90908 86359 22996 61215 94394 97427 17024 80862 64039 49547 63767 45930 45038 69741 55520 78572 53320 71813 41395 42511 92629 20339 48619 25171 92149 40346 27691 93438 14799 55172 71910 16393 96781 15635 41876 84292 69834 38924 36417 88412 70020 98423 67911 34329 85877 16347 59530 12896 53026 63075 23309 6266 77582 32858 44600 84005 33364 12546 95296 5931 58919 96624 61332 12081 40948 96865 53088 5660 3786 481 36540 29481 67593 78544 11331 33638 1303 27769 49174 47879 26544
267 306
95567 5325 99106 62252 23114 46901 37191 58082 62946 66601 82927 14000 92767 93070 91430 58601 48248 23873 10810 53787 74641 12377 67394 22958 95522 48919 65109 62373 29162 64586 37384 50437 25617 34966 50442 2863 34368 38602 80151 18965 857 58150 46166 14198 85450 59790 838 23558 25056 42237 85851 34065 89522 28188 3482 46441 99579 70413 58756 36307 28969 5520 45318 56800 8663 14136 4687 63755 23838 60531 20142 19887 2667 96887 73080 68106 2451 17584 12885 22546 81345 49569 39462 81131 26833 36437 75208 59848 58037 54021 44340 58363 91418 74968 174 25645 81050 5432 60456 38981 55052 28249 32974 94753 57812 25192 73960 81791 89006 96008 98850 71337 22608 29965 63849 4887 26740 38460 53768 8205 46387 48658 70396 40059 22501 23123 65956 77077 1749 60779 51713 76289 26625 24873 75635 90454 91794 13080 37880 11117 84899 83215 54765 98264 68504 85671 72597 40755 52453 50765 24261 81529 60759 12173 50793 60442 24354 47311 64395 10681 23390 6869 13649 50999 12341 78097 2656 23097 41345 52263 99464 36222 4181 14635 42864 23584 96117 57816 61925 86311 74599 49774 59426 75967 43327 58714 37483 37052 50030 13338 16346 40441 47945 24705 81579 25182 78259 30925 57843 64982 33630 84155 79704 77213 40877 66496 13943 5580 51370 40707 67955 31303 70652 25662 72290 99918 43913 93877 51742 57093 5240 93746 71731 32743 25984 91871 76966 67212 10349 52019 67326 96747 39937 40114 99302 24794 54506 1943 1251 93044 95261 75604 94252 99703 14642 63914 22666 29380 42607 23241 39369 74588 60315 13307 18372 53298 10415 34051 34883 23665 79488 83828 49255 17061 23176 635 22610 32352 90136 75937 12988 54035 29870 95675 63792 13202 83257 81654 10677 71142 66906 36289 28731 2030 24666 83690 86737 54542 4009 40591 33510 51950 31564 79766 54628 15362 68191 7220 41631 85530 73927 66828 38146 22670 62092 76136
127 288
90450 98236 69002 32485 72384 22452 83815 68646 86599 75999 51537 64478 19256 9734 16198 54583 74177 21083 78903 20633 999 42445 82742 79666 69669 98231 79519 44801 37362 79324 9987 58346 19144 78810 58321 76862 67513 89546 3586 20600 28167 54702 5056 12485 98645 25460 81407 42352 93241 35079 92209 88279 61212 67596 98109 67779 12747 59384 17163 92756 15497 77608 57771 53756 22402 22911 93006 3477 1860 81058 74751 5110 67311 49908 5374 44872 1766 94208 70845 16414 57924 62321 65551 15346 97167 29133 43873 41576 34845 47062 38705 54267 97721 98936 92322 30480 3623 86077 7005 1266 1234 60106 35728 41100 38606 54010 7861 56976 22265 86924 65047 36229 1373 86120 8091 83399 90279 29485 15712 34037 39963 23428 98589 86201 76223 96790 15488 88687 95581 24604 41949 334 67602 30664 86217 63417 21776 42979 55898 82984 1226 97433 32905 15734 77407 96816 42622 51461 20954 38712 78745 36863 10123 9610 53665 71760 35483 44984 44642 2887 32287 50387 38872 8973 92192 28222 4432 42260 66580 52958 9961 72133 96353 73875 19861 38952 77641 15474 59439 39347 75072 82448 7798 56732 55718 89793 84898 43457 58891 21487 81760 65042 70843 1486 54105 74923 74876 67137 19383 49427 146 26849 17253 40608 64926 30680 76335 94961 45015 26210 22991 39400 66747 33562 23480 1288 8839 67887 54306 35884 7247 59103 20962 54753 89848 55441 82125 45139 13128 70296 97013 84786 82714 19631 18932 26674 39885 26769 12011 68257 44636 36012 7554 87604 5853 66867 98245 59556 66782 56716 32609 17235 47819 65398 95403 46364 52156 38204 43617 60377 12150 25377 12334 77206 17907 58028 95702 97876 99147 62755 18450 11456 87445 48009 79473 27832 49961 39428 44704 8115 24293 337 27281 98806 90194 34109 62530 88983
903 282
50625 80360 9304 43243 77519 74642 66336 20045 10598 3635 80887 98177 55297 43408 71350 35716 79211 56982 30029 26035 71473 16192 23019 54030 54180 24754 4707 32348 7620 43758 68664 25183 65403 89627 66415 51740 6054 63215 82144 77537 81675 68619 47975 34253 96882 24613 30550 48231 13623 14257 68636 63580 83027 71787 88119 83824 70006 53253 88752 18700 48933 34726 96513 90171 98450 14308 29394 66008 31280 90508 41797 81943 76659 8437 44887 57673 14481 99799 11301 8193 41037 77230 4221 58448 52311 50059 31942 67393 77877 80992 50467 21921 6989 48021 70978 74026 55162 34655 23902 78150 98441 77431 33650 38929 73672 762 99392 75114 87305 44686 82718 9547 76030 15076 58182 70172 86003 18138 6959 38888 6107 31066 59546 35410 27043 46621 16037 71050 40198 53257 28257 44220 35038 70441 85153 51352 16401 14736 10419 69110 3258 40390 63443 48124 95277 26110 24536 56929 26703 17739 49400 16795 35041 14570 97384 26888 23784 40197 97100 74632 72553 63445 18040 56152 9785 15673 75588 39868 47586 1071 7336 79351 57490 2959 34059 57085 47871 28477 26078 14591 22989 88957 93076 75827 79540 66083 13661 17334 65750 52736 2499 81508 97057 480 93514 34355 35994 26713 94163 43208 47329 18463 86527 59119 60794 59970 10271 2096 64142 8640 34057 99280 49071 84337 53982 50683 72551 20379 58886 98127 10888 42545 8590 83923 89154 76353 99366 28243 78550 12375 1448 71306 94166 75101 51675 35417 65948 72731 48563 72014 5843 82697 60569 12668 29837 93309 84198 17860 13594 16326 22737 75213 56579 3713 12980 3580 55415 25987 62083 471 72468 13652 95381 89998 75081 92008 9052 56592 76061 49684 40025 1627 84555 21125 83580 21037 91499 46176 11181 51958 79990 61975
589 280
80118 87732 57632 33851 31946 77698 9934 4698 80723 53303 28293 578 55101 95370 19602 86664 99599 80916 5831 41329 10561 41815 19501 46623 90844 69490 54453 95374 94263 74038 73123 10155 6538 38593 55435 59462 37701 54166 91864 74655 17210 94150 6004 94841 56958 78930 27896 80367 1387 53690 97254 5096 63004 13529 98320 4515 85978 27504 8825 92377 80172 84228 56973 10290 26726 49895 64698 40739 89727 65844 39710 6434 88932 42854 69134 4358 72057 98729 55512 93577 50838 97120 94334 63491 78182 80544 53823 27235 14270 15596 88994 122 35471 60728 80240 32802 2142 74449 19296 74384 4200 21696 33557 24836 25797 69280 36834 70766 58847 57454 23896 53497 80923 96648 15254 6872 42150 53031 49224 69332 1338 13271 55522 64925 75264 6743 46678 73530 88292 29856 76965 11910 53797 42491 16526 89920 10096 3372 62343 18283 84733 59396 87414 33165 66048 82038 64380 51955 99351 37967 51581 25147 71441 55928 34344 57590 5394 16872 64590 52930 64602 73655 23286 94360 85332 34843 2701 89288 61183 18364 36564 16197 56682 124 88748 30282 58651 26575 20362 41428 12075 26814 48958 26858 4755 70277 96546 73850 85081 75753 23972 20960 49481 89974 25650 25761 48376 34119 95602 2697 7638 90936 17184 45364 15197 5228 10643 99248 33335 37076 68290 87774 1618 86756 27971 61835 91453 90200 77426 68456 26432 31254 62736 29207 63813 99435 85554 83216 58812 15494 4745 8441 47724 20150 1309 8568 26355 70215 31707 79763 872 46283 24555 74098 26708 32345 85855 84320 95646 45027 6292 8365 22259 31851 50217 24202 96010 85610 19512 16232 44684 30777 81904 15795 65908 43914 77942 57667 66436 39026 64899 2178 24998 63980 74794 38587 69796 93034 88805 77767
105 133
53807 70847 76920 59390 18687 40957 81969 5383 21609 80518 65079 24741 21223 23706 13879 11610 26730 76062 7982 71923 92628 58560 97154 89299 78448 554 32305 1467 50780 5514 3072 87219 33078 87184 32168 75843 24237 82085 23517 5997 79336 86686 54430 48381 29726 30061 9354 94123 29704 35944 80386 49579 70332 29436 93908 65559 89282 80306 63710 24643 66755 61448 89441 97097 34330 2987 60370 34718 7702 13832 84996 64951 47242 35123 22325 2113 2535 44965 71688 13203 43247 33710 25190 69596 21581 59694 12809 16713 91143 92526 81546 7623 86216 14287 56069 40643 74738 10533 1896 68483 93542 88838 44924 61992 88546 85597 39285 19516 28286 48649 95656 14604 53974 6669 25925 72877 24437 61923 95577 27464 10222 7970 85835 20483 99841 33372 91622 46578 40714 19726 81337 87986 40281
865 266
2885 9748 56751 44050 48346 42742 42245 81769 55764 10270 96272 78140 96005 58415 93799 819 70769 3684 14730 88237 36263 37551 42596 4352 14644 71980 30912 35897 99365 64398 94689 5515 46326 91612 18737 5042 37410 45677 74398 70596 96793 32179 4666 34356 87823 132 36098 76606 16079 98688 88565 2633 22979 40607 49135 2233 15204 89893 91132 23930 63470 53534 64696 90118 63337 55005 230 80624 29120 50073 31276 97413 63236 99200 47957 82887 7146 44378 16673 25659 46839 89839 61882 34485 44073 71948 24760 57526 94024 91122 46564 61770 43517 54471 1936 17041 88134 87468 47830 70754 31150 21214 98972 6151 51303 50160 36290 89001 34957 95324 91940 90228 62846 92735 60916 22524 91347 23201 37870 23387 26256 35920 4477 4270 84712 68093 12959 95255 66255 6749 2868 37255 96412 85753 866 91386 42008 75026 16370 67327 20191 65957 25313 410 81988 81220 64612 17446 52881 90079 73799 63160 19177 89829 39928 8101 3259 50556 93581 36658 99422 59456 85755 94431 47741 93930 68077 24065 95282 63235 37606 40166 92165 90440 57627 67889 29548 10491 10633 77699 23953 62255 44320 3773 63613 68256 12289 36253 6337 60733 91778 61374 62599 83103 38767 77549 50300 45776 84958 29247 23173 33897 39029 20851 23423 5858 26686 14900 92327 63369 51754 41140 60745 30930 86482 9992 67934 40015 91703 48618 20182 47824 27800 77445 19904 99911 57847 32215 9390 47666 73086 46029 80546 72348 73762 42700 27614 27637 7401 34925 69537 85229 73032 75762 93294 29529 3271 20609 74573 51949 44641 67620 64857 5799 71860 23721 29276 12428 91346 16262 41411 44919 23497 74110 7210 20717
952 264
54534 35197 74370 45572 6613 40238 81648 27763 96819 48886 62232 33442 70126 83249 75014 61799 2537 84159 24656 40240 2840 78509 75696 28775 15413 6425 69029 66005 92113 22369 20313 35140 42239 57625 66099 95583 49460 31021 77415 7159 11990 5681 4142 4021 59816 98910 45257 28225 89017 4974 18883 51895 68981 20982 51604 19488 37473 57635 5605 12878 84608 72024 55196 13321 42070 27085 90445 38372 23701 18224 7686 78058 19041 14820 83810 37101 83987 52888 52540 6750 70661 71219 73810 79639 15968 49551 17244 75579 2974 96444 7395 46106 67950 12106 76518 20906 79155 87775 66586 96620 20834 57751 95691 87689 7527 91967 91166 52299 71421 45731 57313 4916 81201 33751 84262 73494 2079 30076 86395 87840 70497 98658 62369 6158 76307 13869 11210 94055 70340 89153 60330 15463 20324 94708 5519 65272 57955 8553 31870 68839 31226 80926 28500 8083 62294 37523 21462 89248 84503 95438 11072 10538 68635 24605 97782 27674 41993 4818 11714 38562 17352 73071 61378 1890 89206 25361 65031 20130 62862 65081 30534 75950 47983 52169 91798 18838 2426 51813 28693 99864 96269 41760 77848 4542 74191 90919 85307 8719 28104 14329 51524 11954 67080 16087 21813 74563 37941 37697 82326 88163 85182 76012 87646 34506 63178 86804 51707 1417 3415 86443 51282 22968 88384 12384 35566 93833 60811 75012 67340 53038 50821 63693 11795 55248 47306 96787 65232 36715 85057 46638 65290 91017 90956 74158 38772 96862 29513 42986 32577 75446 58688 35942 76623 8046 19961 90400 39433 45002 325 37310 49338 5218 92713 55204 75311 89067 65610 66566 85800 10794 45663 35586 77252 95841
83 230
60341 67278 12769 60967 99711 12656 52858 97635 58647 67581 25830 39194 21703 86369 23976 5766 72682 9494 41179 25502 93362 54585 68474 72151 37907 68047 2125 86787 58478 20955 20735 96116 27544 69763 2400 34914 88351 40811 60693 93839 8644 76351 53802 18647 88069 16537 14162 95793 26470 52793 16782 37919 6779 44188 71796 54149 68514 35862 98169 47166 61335 54807 24560 64874 65309 97717 5578 64732 4039 24774 5771 25702 58265 58713 16516 52460 95686 14474 76005 92500 89298 75344 26697 41951 12064 83374 74178 64177 63604 69267 45505 19248 75321 10156 96803 76390 57677 77475 16639 4601 55304 78090 94260 7446 10698 20161 5080 65230 44898 47475 38221 25711 83050 78480 57291 58110 7532 84083 12745 11286 72943 51920 62636 26329 76228 96627 48331 76006 47905 12628 32253 3366 26698 98905 57969 99314 43677 96975 47953 86344 89611 54792 62223 60053 81451 86142 32325 67146 64727 13699 25287 8603 42420 39440 60087 25475 48443 59253 7253 81727 36343 80500 61238 24393 13672 10118 85974 80406 79442 66741 50744 84871 88277 84034 41771 33505 92882 84613 3685 4939 81048 805 21903 85757 21620 33632 94031 96017 29491 67453 55843 74491 97142 25792 4081 53270 83648 15519 61837 95619 46938 98060 32053 16985 35564 37911 9076 54177 84282 81124 79068 35456 74501 36474 88382 45670 80980 68527 87966 13868 57196 47685 39382 20128 50035 70585 28970 85256 28510 59007
341 116
47458 58013 51085 28003 16991 89563 48722 48171 60032 98711 78635 53654 28734 66431 7386 24792 14686 23600 99303 40966 43371 19692 2310 19563 12091 3737 22573 74441 92431 23306 92745 44689 26655 27539 34033 45129 53996 9595 28840 84023 31210 4105 14780 12380 37249 7337 65594 43737 41301 6067 25010 67863 91236 79023 61612 72513 63250 7179 87751 22584 38255 19750 74611 36129 68469 71308 65482 49397 84051 73279 20099 68165 5364 14836 78848 21177 49126 37193 44657 29000 78504 56784 86710 44119 51393 10858 5833 25253 1748 14633 22436 8588 84171 75715 21145 46889 29940 48060 23903 75772 21654 35543 67848 84457 3639 96614 30553 43070 61071 7692 90078 20347 21734 85489 51588 5531
861 236
50394 19217 96994 81346 63122 77091 21747 24103 82835 46188 57061 38326 80329 1278 18772 53167 99709 35503 49609 907 47484 18352 91460 4219 20530 11158 65172 50265 25048 48591 94310 30878 11601 29901 45549 14305 45119 6506 55868 77057 25348 3574 61044 44938 63935 48459 37454 40130 59528 22347 33473 42340 37599 74320 69750 88044 80924 37902 41542 83899 67093 23763 22577 67537 85324 35070 6255 250 9267 99874 95452 20104 13577 89065 56127 97896 31817 49152 89478 24948 75485 78640 93590 61597 44332 26235 23061 24024 18212 77359 90282 39156 63115 70536 51760 29137 46552 11647 4965 55368 22625 44573 34204 57690 45331 1895 15145 65934 97088 58515 46104 75110 42844 12999 53965 27331 48778 64511 94656 56830 15195 39540 68892 64210 40658 80598 78631 87192 78686 29739 24426 54622 96055 49558 38107 15899 26380 27025 60961 88875 83950 54045 99438 89218 32110 6528 88386 14981 16701 1804 39248 64160 20929 17263 10596 39193 11293 34656 33272 79594 58130 76856 56205 86975 56278 12110 56151 64012 3009 66224 26080 24919 2678 55597 48439 37936 26954 50514 19665 83649 36309 10945 54751 3762 49848 89813 3154 69364 80519 68598 22453 25079 22282 87957 42750 54112 97215 79321 86888 11865 85255 11536 78449 21407 3463 7906 11346 19361 67430 99114 4370 39855 31725 25135 30006 51642 33733 95903 4332 15924 21600 31304 6487 47470 93727 92297 68001 14074 80991 43124 14374 3939 33467 16204 11102 29512
625 127
81433 92801 354 15155 66944 36488 10885 86973 86086 81368 82568 74835 61468 77456 23143 40836 97416 69553 7717 17934 59764 38256 59311 68452 45087 55192 65466 40818 40189 69823 21760 12996 40996 13433 90810 59822 79779 4989 22992 71919 24527 17916 95317 63253 82685 62822 25666 82172 50003 11796 93424 89285 50786 21362 79527 26124 83970 43462 52348 87473 75407 67984 14751 53050 22288 32516 11225 35891 44786 62173 64703 95082 14286 78236 35039 83421 53764 87880 14540 79566 27745 12876 91470 33040 4566 70326 204 55532 23192 27603 53007 78280 46667 52609 99811 30405 36061 60971 45855 94616 83400 7580 41118 60978 67488 10453 5437 78473 19426 23335 61173 90795 38202 93895 90341 18953 57188 92395 67904 27233 41954 37769 56248 65557 49446 93763 6270
695 217
43297 41314 11609 47477 18127 81374 46648 66553 18285 2668 50645 48451 29432 9519 10466 91245 98965 13390 9592 80269 90889 58719 41559 2698 20729 61839 16336 63242 97130 47437 37500 81766 62540 53625 96840 75119 53887 46052 49773 11242 50254 68974 53317 40746 48267 64430 89403 70669 91428 96026 6863 54013 79379 48090 66019 14713 20502 62706 94758 3203 68008 72440 40786 43961 75982 33882 96746 83053 26316 79318 79764 14185 43832 58421 38521 98461 60535 23110 81588 67535 61904 63303 25931 6972 66727 20856 90470 83801 76144 19785 14582 40279 5482 48700 83890 74070 62778 7749 73899 64800 25301 25853 96940 20032 6986 9082 80908 42289 20898 21486 95119 28123 55839 8755 92814 83486 11037 74593 7928 2059 15028 92527 993 69724 44444 29131 40939 35806 87575 49755 85632 38207 22352 10365 17144 7384 5760 87686 50112 33830 3405 2600 55940 84487 64931 80581 6491 73600 74382 48528 17521 47926 49518 24263 62442 96957 6051 65174 93220 6680 89053 93470 11623 62544 75438 92593 92458 194 56819 3549 45571 39824 6476 65937 83671 52505 73457 40694 14561 86530 5599 97744 20874 62460 21452 13319 34759 13123 12195 90593 98901 44733 41780 88001 79258 64407 54088 92094 89766 28450 39725 61939 73616 75944 60530 70962 84328 15134 90422 67103 60029 26459 86017 30422 70999 16686 96989
101 212
84059 9366 31416 39964 58135 94255 13942 47971 51008 9579 23915 5283 89287 80000 50576 219 37478 90043 54383 66838 6147 34543 41874 9192 45235 75661 12571 78602 39321 59284 71817 409 16569 28214 52872 84538 27824 16849 55740 51709 66557 34140 49223 12725 81500 39900 51067 93296 88469 37906 5624 7806 86510 26214 39450 24738 35967 64101 23802 63371 41718 10297 22287 41008 22997 61998 62262 33873 35958 88585 48168 95164 56117 6586 40761 1876 21995 96537 1477 71170 40754 67952 11271 74460 6638 47648 30152 86687 40312 47788 44564 26870 56801 63977 75919 10082 68861 4705 55907 88731 70977 33151 79755 88228 40057 95084 12293 63469 61078 5784 19306 73815 36799 47143 93849 60265 2189 98894 54530 51390 28101 96449 86010 75936 22098 98932 87365 72651 18956 4620 57649 32488 29460 83252 89121 46439 82256 42163 4849 28177 54649 29313 96914 85837 45685 83974 93307 14434 71514 43548 90207 71227 57448 47353 45837 91528 48879 63524 14179 38374 21628 63815 62011 88900 37807 56188 47083 99252 7649 58998 32378 98156 85781 48131 51155 54522 7430 73553 43093 14675 54717 20676 84974 46100 43352 4359 91417 75636 42702 39158 5361 78088 21503 79869 98777 44552 39166 74205 81334 12436 14155 96825 42655 305 36566 8483 53547 85373 69142 12643 73311 13395
100 210
83261 53706 82252 15755 23440 4797 46937 55638 10713 43199 48640 93333 11562 40683 49635 12738 10929 65616 81438 65792 43948 88117 92884 75688 12540 34812 2452 16873 45945 12328 91673 68372 83539 40848 1156 35527 59840 66271 37307 7200 8577 5381 24790 12352 60918 92989 34426 23233 35591 10910 72387 5219 75399 87037 96571 92309 54986 88226 10232 94141 20392 57852 1869 81660 47769 50725 69744 89477 84373 36424 32219 67038 46485 54718 18330 84732 46282 19783 62217 52908 60392 70223 52208 27299 41086 74067 32187 53075 84825 51205 36260 76014 81291 72890 59171 11831 1392 27164 86173 41099 36099 68396 94288 59073 61167 73168 97472 61584 34569 12117 52835 39699 65713 92940 91112 93566 19482 90336 34343 27066 10215 92186 65341 61351 65306 42113 85770 26427 19655 76673 16237 37490 62744 33029 47158 67652 52711 78568 73252 78283 17435 74758 45335 5181 77554 40263 64512 25600 13311 15732 5052 5357 98180 98776 51855 12513 76849 29473 5860 12979 61446 31537 33736 51165 41042 66810 59229 54629 58449 22300 23030 24003 41145 16160 61228 22145 50895 17278 40386 58022 37799 25082 18722 92785 35943 58603 55494 42470 75033 53247 93861 79743 94750 79911 49638 11538 43869 4568 68883 80735 72629 67886 77241 71944 14310 84973 24478 85668 96454 6443
445 200
14717 62796 99447 22092 63114 40994 61260 30501 39783 5355 89397 72719 26231 9956 45301 45165 75049 35081 69814 8478 9989 9839 96370 94605 93811 48523 94270 58245 93754 31864 97407 52826 31626 87879 27805 3514 1932 60303 68447 34547 51764 94971 23031 69861 98401 22032 47688 77041 80444 87011 53341 9853 81491 4224 43399 11878 41349 80845 50000 96529 22203 27092 68540 48061 71938 60281 14071 45771 35923 55077 19277 4030 31683 44608 28239 85129 12390 36848 97449 49283 6454 72559 82584 60672 12951 52428 44001 82637 93460 96187 15399 68708 63557 44064 18493 7751 16939 16440 7850 73871 12551 10142 62967 79536 85321 71876 41983 73575 55406 88346 49989 65554 12372 81456 23320 76590 55302 82843 74239 11498 1015 48471 81256 74215 51337 42141 7232 57047 15907 87932 93436 88662 94709 8397 41270 82233 4793 14053 89538 80587 25269 689 48468 75898 91407 81459 4851 11651 41195 15691 21587 62580 61003 43063 64096 92252 5774 53536 99485 78373 46851 24422 33322 90095 6017 19657 68288 30857 86392 54707 54524 21449 52851 66359 31814 34851 39435 89479 25478 28262 28698 52618 31552 70016 24929 76321 62531 88002 58682 17135 66007 65653 72291 44070 12449 48097 56718 12869 19110 47812
353 192
86413 63095 85965 95926 68701 33499 47642 28208 33950 48355 93786 59347 85995 48598 10798 89340 28672 86185 91003 31736 12206 90399 23312 42525 41307 75136 73537 57262 70760 65828 65541 33515 54158 23317 47301 78351 58709 54648 56449 42178 8820 51765 92383 85602 96695 21653 87548 50290 85812 36792 73425 99089 27124 55259 14708 57807 87328 62519 39723 7716 53342 89789 59698 17013 92594 47141 73700 74819 39793 48945 53791 3064 32135 88756 73808 10986 69096 4371 51302 55321 17844 10240 77307 59490 20866 16757 94030 4043 23080 26162 27831 76309 13205 93755 92237 80761 50172 25781 20889 55745 91209 98185 51343 52685 58394 26590 61341 86729 68798 11295 9672 55131 90834 64927 88021 1668 75712 55320 66686 90827 81900 28961 73347 78901 56746 59949 35599 76992 78326 85571 86188 20085 72090 32760 41295 35388 18717 83160 20903 27065 64492 69453 69709 54969 14890 58926 33208 83165 34515 74303 36460 56196 29519 80821 27562 56098 23433 79668 53259 35150 96767 53865 35282 50668 69183 79249 61336 27752 21470 95951 11594 61734 62043 33160 13001 81645 52492 59118 82217 59596 10423 73018 24091 72868 52503 9385 23355 26587 51064 76550 53389 66040
470 180
94531 24321 60192 73747 49150 36739 72843 86652 65502 90781 69337 24654 44017 69519 96495 79091 75290 68051 13536 6486 35530 27838 78519 70169 26406 99491 10399 31855 99692 89366 36420 96202 86860 69899 22387 1330 82703 91640 14963 82041 18724 63685 65258 40699 98460 30532 40824 32433 80104 61464 67003 2902 33447 29798 40887 22317 72165 56759 69477 99839 12856 66900 29624 99797 94501 4724 48680 44759 91405 99033 85623 35390 43312 53114 55943 3173 33644 12208 24412 55796 93021 29849 90417 15692 46598 22483 42344 92276 29043 90154 94367 27285 4495 11143 70961 81322 22299 96733 5407 44708 8326 77467 64898 47336 46961 73642 84852 44864 61768 1294 76275 2489 83031 2396 28847 10861 99169 99974 76238 10103 17752 34015 86441 7944 38391 81370 21715 82466 26832 31532 45501 43179 63017 88992 2952 79670 68976 86639 21713 76287 13620 96977 78995 61197 25638 15986 64218 66818 29591 97016 2771 26547 14251 71556 76528 39516 71403 50898 20243 40558 31256 3218 8972 90384 39940 29387 7711 37406 72456 10089 5216 50 583 55707 68845 99570 15562 74937 71592 30178
715 178
52440 60979 19369 66827 32003 77787 99897 95719 56234 21107 64978 50202 75157 56796 62125 3599 27040 83748 60960 15381 66295 52325 21993 45137 39506 20035 95311 3445 2360 88671 33061 27650 6760 71455 49696 8184 66803 98414 86364 81281 21286 93818 63629 99615 74728 40472 83966 33960 4895 76393 14866 80404 60742 28708 51771 83275 71747 46539 28916 18545 34600 55635 57460 21991 75935 59607 24448 35226 11267 33826 84897 18706 91047 35663 48531 48516 47545 12838 65435 52538 53761 46245 61080 43121 55834 20389 60881 31782 1317 29505 14802 50886 90602 39223 29888 47498 31913 37727 6817 96253 14967 41291 52167 63789 34573 79690 68675 70439 42452 21414 18090 30134 51726 98903 73789 48951 14638 28136 57840 73865 30707 29367 64546 2652 38857 89237 24937 1166 32615 854 60394 16191 31142 87480 42480 55547 99352 71351 4533 27450 88174 41856 58907 17113 47151 35639 93310 75692 77014 75657 43722 3079 39111 38046 34442 14128 28928 63090 44964 67373 96517 14031 13056 297 42563 96321 53101 13470 16931 94461 22503 18606 69136 83455 30168 78641 18064 59621
475 170
67463 25170 62860 35715 16739 67755 49306 34765 35841 20468 47098 32941 69288 40700 67907 42071 15855 62422 90361 88535 49597 549 81718 19232 53897 50464 2765 28937 94587 69977 40042 30434 27499 19831 85304 95880 30612 78656 46376 86663 21008 56515 44420 17229 450 57330 71678 68392 45091 12653 72475 71690 35667 52515 23509 72351 76421 22258 17040 86513 14603 35636 50977 44156 51023 25256 89849 24609 15629 99209 29165 76311 54380 29407 23962 64172 41269 89449 76110 21325 50425 91120 85634 30999 22935 72091 1291 97026 35683 65021 6384 37069 56898 261 1930 81080 68585 96143 28357 71782 5785 56963 19854 69538 69268 17173 53598 18714 34240 77820 61946 86162 16888 14907 68865 50071 92150 19979 32634 54466 78098 61076 64920 83723 36635 88422 37612 74594 83234 71224 84778 81916 27305 97997 39682 24753 12641 94453 61744 29786 56578 9452 87309 4392 91299 20705 81152 44606 43842 33148 89949 2316 98279 93785 2905 82391 85639 52968 87263 98483 41777 65739 75637 13618 50926 72142 2412 2027 81829 37130
662 158
85809 6093 8351 96284 7072 88218 18233 59712 21461 60563 25027 70699 9731 1295 92518 3926 44977 53102 55588 19107 82665 66555 911 73147 24328 77516 83340 14719 56859 83837 21057 60505 97259 28904 30492 73713 43053 13816 13807 69242 48418 84545 74596 43966 43762 13956 22216 52511 45388 40645 77896 24395 34763 40575 44118 86479 79876 32594 75489 83185 29248 95408 52098 64693 50655 55624 67492 68573 21634 41614 93687 88414 73741 11335 55255 59177 45062 9744 24047 89409 25277 2557 85737 8642 26150 56382 14298 66090 53948 78321 9991 40320 91771 12781 95418 5328 30155 15788 93127 77140 85696 53871 41630 31657 73908 78691 77460 99498 61536 71285 73402 98636 15671 99909 37030 77122 98419 89361 24451 16827 97580 42509 79121 61313 3781 86326 19495 97381 53008 86678 32132 21087 89894 27208 97558 64654 38065 59431 73092 87068 10786 35036 70128 17225 79862 55538 91216 99119 75041 94477 47574 87149 28630 70038 14119 60959 99807 81199
505 148
35319 80160 91345 80636 86636 39012 45196 7408 17825 11943 56694 13428 84615 8942 62086 23910 54536 64787 43319 59460 24906 85695 62827 31622 54052 93535 7310 5199 55954 14488 81748 87159 46615 88031 75566 31320 96136 85490 36935 92619 65567 95849 26523 26929 35850 51429 94416 6305 87155 24996 98280 5453 63150 38318 84768 23810 520 83353 37279 51556 1691 19980 33890 72128 11122 10686 72146 42566 34446 29503 4171 38211 46466 48360 2614 73146 52401 42435 64617 5036 31575 99585 30450 72796 16224 58889 81196 92226 87856 93471 36232 69445 34455 11125 24383 70403 5677 81993 69426 38522 46595 43431 90299 3948 70155 69447 38097 85079 38978 73484 2419 42100 36015 65522 99187 32045 48571 46064 55729 89549 76879 93663 51119 45983 95853 83597 9424 86672 83767 79578 85797 2743 17156 34940 52994 74814 56492 94851 4000 41807 42906 69677 6393 93984 53550 57898 33402 72971
837 142
39198 93078 54311 1739 41879 58029 60754 69739 84782 57382 38925 74175 70593 56835 94665 5872 47720 27536 95148 32702 71205 29293 56369 69914 68622 77050 92662 48433 32775 88425 96610 14883 3746 98569 956 92459 69554 97140 46275 83813 98306 9215 4792 73574 82721 39979 13083 26375 20684 78651 98567 44411 27141 7102 2915 48670 23353 11474 66241 31593 97636 51114 20328 75377 30794 41112 976 95398 16628 78959 38793 27241 81677 43960 76963 46354 60802 17286 48007 76375 61892 51683 46555 42727 49924 77226 36221 29634 38871 7963 59859 13698 4837 96405 46153 62416 22630 60324 66520 61865 20574 31324 39628 91582 75348 93688 22963 7818 50827 41310 66399 28790 45434 74204 48148 95655 83868 21959 6531 63929 48408 33483 38610 98502 82840 7057 10100 8599 87235 44401 43810 82104 82711 70113 898 49023 48789 1594 91615 60524 1122 7573
260 134
50872 26092 37940 57996 73021 87749 27966 77965 56852 58912 19239 28376 62667 38173 10852 33834 53750 78215 69579 5948 92979 4625 97464 60321 727 59961 95900 57983 13414 48240 1793 68927 41474 61533 80458 90866 3388 35693 1577 2627 60633 70194 61139 5123 84507 55925 72094 51930 24076 71946 48636 71669 83647 94553 47633 27477 61402 15356 23131 62403 53330 69281 53124 59505 89537 52162 87631 78566 82375 9101 68424 17594 70886 953 4155 56302 63023 45954 3150 9443 2836 52405 7516 90205 85485 19439 73983 59374 64723 62166 39866 75560 59898 89063 76960 22183 69712 46657 50184 85508 60232 70532 13944 54738 90379 86355 16630 90985 42386 52686 13472 60454 47820 85763 33967 56380 97294 72041 36037 56543 97383 18526 33924 81046 71321 19719 68916 17648 70848 19608 46979 77755 12463 43735
160 130
11646 17271 89820 13568 78989 80951 10846 2976 29811 69618 56893 97953 8391 36321 55610 96119 47649 59436 69342 93513 15481 25116 95868 34142 42869 29946 91821 98295 3345 64219 21563 20217 2023 697 64739 58792 67033 86576 47190 70285 32866 59814 6203 8614 405 5907 6607 76989 9144 39708 32822 43089 7734 32994 36906 75419 75424 74493 9616 84125 1558 39188 39543 27584 70513 85014 57634 5663 28669 26680 29931 71266 98977 37080 82996 17448 75054 67371 36429 88638 76162 39416 7059 92331 70181 37161 68261 44935 98406 18155 62022 77286 84355 29861 43858 89954 25202 63950 91193 97094 72842 44808 83465 53285 34876 30151 96063 47587 6130 33289 804 68216 82183 10848 43356 72910 53779 27175 83930 35996 90688 54133 90730 18301 2039 20529 57805 12144 63550 18192
894 62
39255 53032 23455 47530 91273 11005 71204 20516 21042 49187 55331 83310 60942 53866 79959 83965 58072 14569 34536 96740 75163 6568 62520 54411 8645 9679 47067 1610 58219 44519 8486 17087 66592 80889 58292 80793 88903 46921 22668 48940 89353 5003 78658 85917 11008 78514 52116 34978 31826 84741 24849 75766 10546 48206 99673 91769 69560 95393 8521 45128 3843 23532
466 126
14100 98633 5001 48091 65190 24503 37364 8204 64334 5189 43972 39608 13302 39412 15220 43825 23172 4349 29260 53453 27187 83620 40794 13426 38958 82589 2026 82722 81557 54487 774 52267 93162 87258 39491 87352 6023 37181 74036 89392 76299 51947 41817 32804 56025 3496 22517 95764 94426 20084 78329 33688 37632 43834 23388 69598 95850 4409 57361 28573 99743 89472 76388 78798 46764 43641 32383 39094 86554 18899 68360 59246 76276 20523 46433 83499 53686 47157 36138 17999 83699 52 73834 22555 55399 69003 73476 98691 86786 8941 43379 56051 90302 24246 44499 29878 24159 96084 8660 25581 64088 65759 54076 33938 72506 47909 16848 24661 52962 55427 49680 17222 9151 96573 85108 24132 94751 16246 94781 40953 69476 97303 81929 44139 14315 83394
606 122
7180 19598 29858 91885 7114 17814 96300 27169 88629 17867 20992 13949 79448 40488 21984 92957 59349 15733 67258 61049 85594 29300 67606 27716 11785 74610 64114 22592 1279 12851 47045 46454 74182 932 75181 89533 95859 54784 20930 48476 25719 33100 7440 22196 56303 68584 1183 58503 3559 66770 5079 306 12465 84226 63903 61391 30985 18454 96552 28195 64261 40785 22560 91709 38051 61571 4125 68841 29203 8608 15336 46949 40497 56802 22581 60561 4544 50203 31045 21442 66678 85989 4326 85009 18187 69302 8728 25402 42372 79054 80690 74394 21248 53692 40284 47702 72265 11995 30709 1073 75392 41134 93401 1852 23751 35192 44244 82314 60476 99332 56022 99359 30066 49927 9067 94120 94459 25881 93911 94777 86644 98469
148 118
76166 86948 67221 71404 62970 15678 89308 16930 43831 37021 45270 73486 53953 63638 33914 96363 53052 57797 20225 9589 95034 77960 83342 29958 7276 45936 59062 92271 76163 26109 98578 95332 75917 19114 56092 49588 48318 18290 15643 57350 83418 58369 94599 75463 92754 54398 61109 32678 31411 29882 22374 1002 68812 28934 35892 71505 53428 81795 78838 71729 37039 29089 23524 87512 55621 47558 43989 67899 65498 84307 69641 96669 85585 17351 68383 94365 26189 48807 38794 92650 42806 59337 71498 75111 24341 22303 49018 44211 54047 41786 54987 7182 46213 13886 80684 73468 95609 62097 87541 84394 29435 44685 25015 27692 82755 73583 21198 58106 30221 36198 98602 29987 59058 9229 48786 29331 57685 57198
621 114
18877 9069 46257 90472 15784 59357 66335 80817 81210 78009 86758 46867 84516 15266 71064 60074 22591 50759 74115 5693 82781 22614 16398 27406 45311 98532 57757 86258 99955 72610 29588 10516 60998 36802 44853 35480 23181 62894 45244 25049 59391 45220 76643 58237 45186 23409 54160 27402 50483 107 20602 84463 19353 85312 48236 417 78274 209 133 2415 36702 94195 57155 35720 48932 16169 77713 10092 4060 4541 80153 46399 10663 40147 31672 33810 58571 21962 54526 54654 22597 83140 55281 55660 25754 64846 13504 55704 96030 5609 11912 35747 5788 65815 69008 84240 68704 32792 71165 23883 27408 57616 77788 80176 44334 25115 76830 54830 21342 85331 92697 15698 49015 21345
457 110
82801 52804 6781 47285 3510 24214 60123 73662 28118 24486 94766 38528 79422 15766 2560 68891 19915 61263 8487 97535 58813 96003 41639 89776 95571 71056 39108 36318 76249 24388 87467 35625 54308 28083 51480 91218 41357 39629 92597 20700 6815 63094 84659 56680 33174 91915 86158 49584 59421 77704 10191 8106 8943 52390 68430 55932 73325 80759 22156 20776 65469 74425 71713 95789 51513 8882 71538 84161 20180 86500 7231 94586 26924 59089 62432 71709 52210 83666 9843 61766 28537 86949 88295 51423 67648 50326 93347 29463 59420 35567 8367 77898 95192 95750 11196 98152 60801 4648 55466 48609 22339 73734 96488 60726 61506 25021 66721 75060 57023 46511
653 108
33458 24795 41467 43125 36759 99188 40588 18695 38237 53885 36998 33545 9570 56714 12420 6134 25664 25947 17531 22912 8634 32528 49116 59591 68208 80425 14067 9948 31992 86000 64340 44713 36724 42035 30638 60640 84909 7143 32794 8076 61018 58388 97312 24356 70996 90897 9674 28415 84960 14059 37212 21243 28186 27216 75752 84495 99206 66214 33919 86278 17152 87301 66029 377 41281 33017 64827 54851 66238 84297 55038 85850 13818 8702 75699 75177 9111 41880 12887 93883 69162 61618 84781 18744 82551 82710 25120 57374 33297 20937 52121 55298 14226 65051 93592 83942 63736 89871 42221 59353 35770 30640 47235 9454 58577 36587 68694 572
665 106
74985 64862 48578 48998 26193 57220 52021 50788 35523 21394 2073 89127 71553 89312 91913 42416 67227 77212 95458 5889 41422 59584 4754 88057 33913 8752 93934 54900 43979 36336 94547 50732 63725 98826 30863 41346 65163 94509 14639 34687 62136 25197 5914 67552 67573 3494 67734 46762 38090 30860 37131 11476 71288 57134 91369 87914 71347 11053 29525 35003 21269 74362 34778 90287 67018 47048 97150 48776 54203 74051 72066 83548 80584 91620 18095 12229 27083 34982 76053 24557 64377 51531 7377 69884 6165 17147 56306 91287 94695 30870 16847 82520 35602 18115 57068 10158 69087 24026 63661 25697 84435 90233 36997 41607 23544 59367
244 104
28604 6741 4680 34385 6885 91524 36693 5022 50967 86454 8156 43242 63969 39137 59070 49120 52663 76594 41741 39951 49024 32790 21463 10650 94648 37819 15212 62864 9726 63287 46246 41832 4451 10003 38887 66792 24755 97645 51643 87508 12361 74718 48796 28742 46829 56534 37811 63494 1485 26951 84176 4560 27608 7983 13513 45843 14188 72155 98503 96124 68526 27319 95495 10571 51611 21389 16263 23147 68957 31609 56251 15461 83326 63403 52241 27880 42753 14237 33487 32955 25431 51777 50292 5534 23520 9507 4910 64228 90247 562 83378 58509 18029 98689 35211 95105 80420 98744 52574 44725 79976 76943 71460 15833
615 90
29259 693 10503 73594 57528 69784 12313 2084 87596 37342 50474 79304 59270 67925 62896 73712 26820 92762 70666 14794 8837 59646 8822 78918 2166 99321 85854 26497 97628 2623 31970 25485 74541 48460 81233 14460 60983 45172 34643 97966 1454 80952 6314 83585 21668 9434 27411 26623 35120 75254 39485 34249 13098 44126 81547 36786 5740 98407 85506 55246 57117 16130 29235 1493 43613 8992 6117 68189 43460 96497 64256 43822 46929 77530 58569 34705 38850 65636 73641 21706 79128 60876 15063 73124 87246 66109 78307 82336 22787 54273
102 84
17643 69366 39772 61185 29371 30258 81389 32091 28406 68048 44355 24314 47643 74029 12038 30295 63179 8180 12647 12517 7497 12893 41358 95823 61565 76227 33207 97983 26508 62114 28965 8799 23398 83146 41234 67211 91663 32756 23864 5686 92099 54890 69324 29639 66063 70486 26396 8111 74447 34287 40408 42774 18073 13207 34660 59876 7303 82778 21387 60179 17816 51490 15612 22987 62156 32909 66102 56623 29623 47608 6047 81994 44036 87766 87470 36164 98427 36950 24660 6419 78889 31659 24886 60509
766 70
82935 26969 7518 79661 2043 82842 72437 92112 73890 45623 4500 43813 2949 54917 88799 41547 11403 16429 13053 39323 27031 9565 61680 81673 97029 54843 29885 13909 64562 49593 6262 55518 16015 76055 24788 41945 79581 11485 29791 11504 1451 84390 12929 85942 38707 51723 93740 55886 17954 49625 99473 86128 69004 13442 13631 75811 92093 63549 5669 47594 86502 64731 112 53023 67884 79972 77390 48697 80068 86167
970 68
37903 30262 89659 11805 88191 83072 48234 6582 97582 85901 1972 38348 33175 4709 58711 34020 7708 28204 12367 13464 46904 91056 24625 67432 34542 22361 82156 82052 13287 51739 22735 96330 17596 1190 8461 99041 93421 61696 70575 59335 7417 53914 1792 67615 19552 85880 4033 76742 97346 3392 21577 60777 73605 6199 8584 28313 34789 74129 28661 1290 6902 74629 12791 10358 28687 82122 61513 72408
633 64
53941 50592 31484 10004 49183 84335 72246 40669 3433 37087 1729 23651 15042 3176 14177 37849 2830 46932 54660 6801 87234 23957 15122 51255 32933 3257 9363 56323 29734 22861 64071 14339 36112 2348 29266 91467 37618 12177 52785 15232 66219 1375 72401 67920 29891 60753 58882 5065 97307 24572 76295 77201 26729 27027 85025 40288 23441 29198 37055 82650 81861 56329 93582 14205
710 31
73242 76371 75088 87654 28532 6852 48647 43026 95396 37652 41168 51262 11670 76835 28056 20551 49694 18727 40330 55553 84992 59606 17004 63623 35633 7110 64576 85638 69119 38376 1536
43 52
12279 13093 20865 58468 71435 8417 51470 95133 70880 85061 48840 59433 33469 31629 79092 55825 32005 43563 15767 31177 13212 2939 1283 26914 50460 45557 48517 7360 78322 54462 46285 70261 42759 14562 55773 65141 87209 22375 49840 23319 88650 59050 97638 46682 52601 88181 33750 74549 16638 57615 93748 77796
575 50
15170 48630 11453 21816 62078 99801 17484 4845 23552 68681 29853 27237 57410 78304 94049 16106 30815 65291 61426 71601 32510 50996 11151 60234 97480 95366 93435 57965 27026 6849 57481 89635 63879 3453 88666 9023 25864 62342 69868 70473 39315 36500 16296 20664 84913 54422 17971 79944 82384 52933
924 44
56093 2065 1512 55748 34523 99055 33196 97541 71426 11759 62355 46746 12136 77751 91530 49886 2300 1927 55777 17741 15426 41173 48070 22605 24045 78557 55341 1569 38779 33693 73679 17915 58684 57494 43988 45748 79297 63117 73854 3315 96374 48828 15086 15572
185 34
37567 51880 38970 45548 40260 2438 3693 63256 63548 12079 60279 13149 35659 77089 12403 67000 60261 87446 99467 66397 66821 71117 80422 43029 10877 8485 68206 30523 49555 52891 65578 46296 38414 71715
742 14
8024 73947 87553 99008 74417 78988 51012 19568 44217 82740 40721 6490 14317 49715
286 2
27656 20438
